9.334281666670000050e+03
9.259569999999999709e+03
9.075136666669999613e+03
9.221425999999999476e+03
9.639268333329999223e+03
9.710729999999999563e+03
9.803306666669999686e+03
9.630136276679999355e+03
9.345690000000000509e+03
9.228608333329999368e+03
9.322041666670000268e+03
9.101483333329999368e+03
8.468788000000000466e+03
8.484346666670000559e+03
8.727651666670000850e+03
8.652038333329999659e+03
8.511458000000000538e+03
8.340703333330000532e+03
8.106118333329999587e+03
8.240055000000000291e+03
8.223288333329999659e+03
8.507406666670000050e+03
8.385556186929999967e+03
8.015579999999999927e+03
7.555739999999999782e+03
7.566193333330000314e+03
7.445238333330000387e+03
7.342908333329999550e+03
7.361831666670000232e+03
7.130541666670000268e+03
