8.313299858608586874e+03
8.520229027460021825e+03
8.689397186752234120e+03
9.437688786101794904e+03
9.342969696121801462e+03
1.043695914171292679e+04
8.879793838787792993e+03
8.492851599631057979e+03
8.919297403153756022e+03
9.307439616761519574e+03
8.429327950119610250e+03
8.397145954700135917e+03
1.077216275106224566e+04
8.475028522901391625e+03
8.841184733477772170e+03
9.087395212396984789e+03
8.736498462688154177e+03
8.835151167763096964e+03
8.441936358974264294e+03
8.992210583194762876e+03
9.292110919714492411e+03
9.273354337973987640e+03
9.061366448444163325e+03
8.875368326302083005e+03
8.804313249606871977e+03
8.824496933133219500e+03
9.379520610947816749e+03
9.929216575504127832e+03
1.040754126999929213e+04
8.516001748505388605e+03
